0 0 0 1 1000.0370 0.0000
0 0 0 1 1000.0720 0.0000
0 0 0 1 1000.0900 0.0000
0 0 0 1 1000.0410 0.0000
0 0 1 1 702.9310 0.0000
0 0 1 0 28.2780 0.0000
42 1 0 0 42.5830 0.1345
42 1 0 0 33.3690 0.1716
42 1 0 0 14.8400 0.2500
42 1 0 0 47.9220 0.1250
0 0 1 1 100.4260 0.0000
0 0 1 0 1.9850 0.0000
0 0 1 0 3.8350 0.0000
0 0 1 0 3.0030 0.0000
0 0 1 0 2.0980 0.0000
0 0 0 1 1000.0370 0.0000
0 0 0 1 1000.0020 0.0000
0 0 1 0 43.3870 0.0000
0 0 1 0 10.6020 0.0000
0 0 0 1 1000.0310 0.0000
0 0 1 0 60.4300 0.0000
0 0 0 1 1000.0690 0.0000
0 0 0 1 1000.0590 0.0000
0 0 0 1 1000.0820 0.0000
0 0 0 1 1000.0480 0.0000
0 0 0 1 1000.0350 0.0000
0 1 0 0 81.1950 0.1250
0 0 1 1 390.5780 0.0000
0 0 1 1 150.9470 0.0000
0 0 1 0 60.0960 0.0000
0 1 0 0 79.8860 0.1250
0 0 1 1 343.0390 0.0000
0 0 1 0 17.4400 0.0000
0 0 1 0 35.0550 0.0000
0 0 1 0 14.8020 0.0000
0 0 1 0 11.9570 0.0000
0 0 1 0 15.7230 0.0000
0 0 1 1 152.5030 0.0000
0 0 1 0 23.5900 0.0000
0 0 1 0 46.8970 0.0000
